1341
1353
1343
1370
1341
1665
1726
1635
1482
1703
1738
1744
1670
1740
1446
1730
1745
1722
1757
1723
1981
1989
1482
1671
1989
1553
1982
1736
1729
1753
1989
1729
1717
1723
1721
1749
1753
1714
1753
1739
1724
1985
1745
1729
1743
1981
1761
1739
1981
1731
1755
1732
1703
1643
1737
1717
1933
1735
1747
1883
1748
1883
1985
1985
1884
1982
1885
1745
1988
1745
1988
1741
1988
1760
1742
1742
1736
1735
1988
1988
1726
1747
1703
1757
1742
1737
1991
1812
1738
1755
1749
1783
1733
1734
1742
1783
1784
1783
1731
1908
1908
1784
1747
1788
1986
1762
1763
1743
1735
1986
1788
1987
1748
1789
1987
1741
1989
1791
1988
1769
1790
1989
1791
1991
1989
1739
1792
1725
1988
1740
1988
1762
1988
1816
1779
1733
1732
1745
1737
1762
1751
1767
1736
1732
1752
1991
1744
1726
1748
1786
1734
1746
1786
1713
1716
1722
1859
1746
1860
1727
1723
1730
1885
1885
1745
1751
1742
1758
1988
1988
1988
1754
1988
1989
1720
1738
1756
1723
1985
1991
1986
1986
1991
1731
1751
1749
1990
1747
1990
1754
1713
1735
1744
1745
1985
1748
1746
1744
1986
1987
1987
1987
1987
1734
1987
1735
1987
1754
1987
1988
1990
1762
1989
1789
1746
1845
1790
1989
1703
1845
1761
1758
1726
1989
1706
1708
1732
1726
1741
1989
1725
1743
1862
1734
1731
1753
1990
1990
1987
1990
1706
1733
1707
1762
1732
1732
1734
1729
1753
1749
1721
1745
1735
1728
1739
1737
1738
1716
1733
1726
1772
1744
1745
1739
1748
1750
1988
1743
1748
1988
1735
1728
1750
1739
1990
1881
1881
1882
1722
1881
1882
1740
1739
1749
1985
1883
1986
1747
1738
1744
1986
1759
1987
1720
1727
1777
1985
1748
1991
1741
1987
1718
1991
1736
1732
1715
1988
1843
1988
1761
1724
1721
1730
1991
1743
1734
1749
1980
1742
1989
1729
1738
1735
1721
1730
1732
1982
1987
1989
1753
1989
1988
1983
1990
1984
1985
1985
1985
1728
1991
1738
1749
1755
1745
1724
1730
1745
1738
1740
1745
1741
1747
1737
1988
1989
1738
1746
1749
1805
1744
1742
1758
1753
1721
1745
1766
1823
1728
1738
1715
1823
1734
1823
1823
1824
1824
1758
1730
1744
1715
1731
1741
1734
1728
1889
1751
1889
1890
1986
1742
1892
1742
1987
1747
1743
1976
1976
1989
1744
1744
1778
1985
1765
1733
1920
1920
1734
1755
1980
1745
1989
1990
1989
1981
1989
1742
1743
1982
1990
1757
1730
1737
1990
1740
1653
1735
1747
1738
1735
1741
1751
1758
1714
1720
1735
1751
1736
1733
1722
1738
1794
1795
1796
1745
1719
1761
1796
1741
1736
1733
1934
1738
1710
1978
1991
1983
1990
1984
1745
1714
1750
1746
1732
1751
1748
1746
1746
1726
1747
1746
1747
1730
1761
1741
1760
1717
1727
1709
1731
1872
1765
1741
1709
1738
1883
1883
1883
1980
1752
1884
1713
1975
1729
1981
1764
1982
1783
1986
1725
