10
10
10
13
0
491
298
10
9
0
10
10
270
382
10
0
0
531
9
12
546
10
10
0
9
10
9
13
10
12
490
11
0
172
11
9
0
10
10
0
0
0
10
0
855
11
11
0
11
0
0
9
689
9
9
0
10
274
10
33
11
0
9
0
134
257
12
104
10
568
9
0
11
10
9
0
12
10
649
11
212
515
319
10
10
10
120
9
0
917
11
152
13
11
9
10
10
10
12
0
161
0
11
0
12
9
10
0
11
10
10
11
0
0
10
11
10
9
11
9
163
0
404
11
0
11
474
10
10
11
0
0
287
11
10
10
10
12
10
117
0
584
10
0
11
0
11
0
0
0
0
0
11
12
0
10
11
713
0
0
10
10
9
0
11
223
526
10
10
9
10
361
9
185
10
9
12
0
292
12
9
10
10
0
0
10
10
0
13
9
579
10
10
10
9
0
9
10
0
358
403
10
0
160
11
10
0
9
10
623
9
0
915
5
0
11
0
11
313
0
9
273
351
133
904
10
10
0
10
11
10
717
9
10
0
11
10
2
325
11
165
560
9
60
10
876
10
0
0
0
0
0
0
0
0
9
156
11
223
11
11
11
568
9
10
10
0
428
11
9
0
10
308
9
605
11
0
11
679
10
10
10
10
10
11
127
541
445
10
10
51
9
0
356
10
248
0
9
11
0
10
11
0
397
10
0
0
9
6
0
0
488
11
10
11
0
11
229
0
10
0
10
11
12
9
0
10
0
0
9
10
9
200
46
129
9
714
11
9
0
0
9
10
0
9
11
10
532
0
12
10
592
0
9
193
0
11
0
0
10
0
9
130
0
3
9
148
10
0
10
571
603
0
175
10
9
11
10
9
210
0
0
9
172
10
0
11
531
11
11
9
10
0
10
10
668
0
0
9
11
9
9
129
10
364
10
786
0
10
10
10
10
10
610
0
808
9
10
11
9
11
11
0
9
0
9
10
10
245
11
9
0
10
0
503
540
0
0
11
0
9
10
11
299
10
9
10
10
586
465
10
11
10
10
0
145
11
10
0
10
11
9
0
10
487
10
0
10
10
10
0
11
11
11
10
573
0
10
0
10
2
9
10
10
707
0
11
140
9
9
9
816
9
10
0
9
257
10
13
